{
  "variables": [
    "screen_time",
    "educational_pct",
    "ai_usage",
    "wellness_score",
    "skills_count",
    "income_potential"
  ],
  "matrix": [
    [
      1,
      0.45,
      0.62,
      -0.23,
      0.58,
      0.41
    ],
    [
      0.45,
      1,
      0.51,
      0.34,
      0.62,
      0.48
    ],
    [
      0.62,
      0.51,
      1,
      0.12,
      0.71,
      0.65
    ],
    [
      -0.23,
      0.34,
      0.12,
      1,
      0.18,
      0.15
    ],
    [
      0.58,
      0.62,
      0.71,
      0.18,
      1,
      0.78
    ],
    [
      0.41,
      0.48,
      0.65,
      0.15,
      0.78,
      1
    ]
  ]
}